73
274 545
138 494
58 491
18 524
59 450
170 462
274 544
153 436
76 400
27 396
101 389
192 434
273 540
195 419
120 350
44 297
142 343
187 389
276 541
180 331
130 272
58 190
171 274
234 385
274 546
246 373
202 238
134 144
237 251
264 362
281 542
273 296
241 192
216 111
282 220
290 381
279 541
300 342
301 204
301 100
316 224
318 376
278 541
327 371
352 221
381 112
367 247
337 378
273 537
347 382
402 248
507 135
422 268
362 394
283 541
378 394
404 343
522 243
422 358
340 480
280 540
364 455
456 384
536 361
457 414
379 465
282 540
379 476
475 452
542 488
462 494
382 507
274 540
